#1 
double table1(336, 8)
	# Time (s)	(1)Temperature exterieure  station meteo	(2)Temperature soufflage CTA Multifonctionnelle	(3)Temperature reprise CTA Multifonctionnelle	(4)Temperature soufflage CTA RDC R+1	(5)Temperature reprise CTA RDC R+1	(6)ahu_R1	(7)ahu_multi 
26697600.0	10.10611111111111	18.883555811111112	17.76383382222222	17.641097394736843	17.483945105555556	0.0	0.0
26699400.0	9.800625	18.826043036458334	17.649844625	17.536501025	17.372501125	0.0	0.0
26701200.0	7.869097222222222	18.75456290972222	17.557231678571426	17.446690639285716	17.255713976190474	0.0	0.0
26703000.0	7.873611111111112	18.672286871428575	17.48554851547619	17.332214395238097	17.186286799999998	0.0	0.0
26704800.0	7.7474358974358974	18.62648386630037	17.459423278846153	17.254807461538462	17.14735486813187	0.0	0.0
26706600.0	7.387946428571429	18.55734731292517	17.364491408163264	17.185179419642857	17.066640897959182	0.0	0.0
26708400.0	7.34375	18.49634937109045	17.296348986475063	17.107807786538462	17.013994276556776	0.0	0.0
26710200.0	7.173214285714286	18.44144115995116	17.241329065109888	17.058285528571428	16.947404870238095	0.0	0.0
26712000.0	8.470263157894736	18.39777888888889	17.189040922	17.00417272285714	16.896519786	0.0	0.0
26713800.0	8.648142414860681	18.356808710084035	17.12445418067227	16.93210037815126	16.814012045454547	0.0	0.0
26715600.0	7.283014354066985	18.312331864661655	17.08075112781955	16.883860543859647	16.75272709090909	0.0	0.0
26717400.0	7.004545454545455	18.24864529166667	17.062604182291665	16.821668197916665	16.72653746153846	0.0	0.0
26719200.0	8.255555555555555	18.233982796296296	17.056388652777777	16.793214946428574	16.733075923076917	0.0	0.0
26721000.0	8.025	18.123929125	17.123332333333334	16.78638424776786	17.489047023809523	0.0	0.0
26722800.0	7.021428571428571	13.529898576530613	18.933775974489798	13.25020443367347	18.68608811564626	1414.2857142857142	428.57142857142856
26724600.0	7.159375	12.006474097098215	19.09357272544643	12.177009425223215	18.605833802083335	1800.0	600.0
26726400.0	8.776923076923078	12.213461682692309	18.907693365384617	12.338077778846154	18.61512880128205	1800.0	600.0
26728200.0	10.559375	13.82312559375	18.7325023125	13.86875059375	18.95526885044643	1800.0	600.0
26730000.0	12.029166666666667	15.682500374999998	18.871667400000003	15.671666708333333	19.19785732142857	1800.0	600.0
26731800.0	13.233333333333333	21.650001566666667	19.77800148	21.376000966666666	19.65031863015873	1800.0	600.0
26733600.0	11.7325	25.630000575000004	21.282501575	24.99750205	20.044833741666668	1800.0	600.0
26735400.0	11.628571428571428	28.837859	22.292041714285716	27.968572607142857	20.96053644642857	1800.0	600.0
26737200.0	13.08409090909091	30.26954793181818	21.898442818181817	29.360131681818185	21.202387456818183	1800.0	600.0
26739000.0	14.91875	30.795348354166666	21.7731339525	29.8298230625	21.83429938359375	1800.0	600.0
26740800.0	15.3375	30.742269826388892	21.856568281666668	29.871460052083336	22.3001580234375	1800.0	600.0
26742600.0	14.359375	30.082946924107144	21.853222588235294	29.300671546875	22.226540736607145	1800.0	600.0
26744400.0	11.866666666666665	30.07190693452381	21.845590235294114	29.292143464285715	22.049128531746035	1800.0	600.0
26746200.0	11.696666666666665	30.02819120952381	21.853531411764706	29.267239504761903	22.0651852962963	1800.0	600.0
26748000.0	13.95	30.298243065934066	21.92500486393019	29.458132631868132	22.07943951892552	1800.0	600.0
26749800.0	13.882142857142856	30.19592036734694	22.060716040816324	29.284899836734695	22.186532989795918	1800.0	600.0
26751600.0	11.731360946745562	30.00593545054945	22.065493983516486	29.10340846153846	22.09999982967033	1800.0	600.0
26753400.0	11.322073578595319	29.56125110625	22.010234972656253	28.69175763095238	21.999543628906252	1800.0	600.0
26755200.0	11.03695652173913	29.086000440000003	21.931713271875	28.327668666666664	21.956837671875	1800.0	600.0
26757000.0	10.368303571428571	28.612967923076923	21.83300130357143	27.88362665934066	21.907376754464288	1800.0	600.0
26758800.0	10.2046875	26.984424853846157	21.812167654166664	26.29346223846154	21.859867986160715	1800.0	600.0
26760600.0	9.83	20.58000056666667	21.729779661111113	20.030000400000002	21.42476328095238	1800.0	600.0
26762400.0	9.936842105263159	17.63684257894737	21.40736959962406	17.23631655263158	20.90518839849624	1800.0	600.0
26764200.0	9.671428571428573	15.428572071428572	21.037859132653065	15.170714821428572	20.436856170222633	1800.0	600.0
26766000.0	9.265555555555556	18.6100006	19.064000533333335	14.388833891666668	20.090198619696974	1800.0	40.0
26767800.0	8.935171568627451	20.911921329721363	19.487058764705885	14.099852948529412	19.84544213235294	1800.0	0.0
26769600.0	8.684943181818182	20.83033613157895	19.332272090909093	14.75409090909091	18.90772756818182	327.27272727272725	0.0
26771400.0	8.256666666666666	20.25400013333333	18.276471266666665	16.944001	17.211111311111107	0.0	0.0
26773200.0	8.022727272727273	19.759243424242428	17.640588318181816	17.443183	16.902293937229437	0.0	0.0
26775000.0	7.733333333333333	19.18323241717172	17.098890077777778	17.494061484848483	16.666191325396827	0.0	0.0
26776800.0	7.476470588235294	18.7363635828877	16.81862922549019	17.355829689839567	16.537646843137253	0.0	0.0
26778600.0	7.0841666666666665	18.3230016625	16.49866638888889	17.101500124999998	16.356889022222223	0.0	0.0
26780400.0	6.73125	18.002500718750003	16.26666702777778	16.8312504375	16.18277877777778	0.0	0.0
26782200.0	6.5062500000000005	17.792500343750003	16.10666736111111	16.6062496875	16.056112111111112	0.0	0.0
26784000.0	6.278125	17.518750765625	15.914524759920637	16.356517816964285	15.912422063492064	0.0	0.0
26785800.0	6.078333333333333	17.305904914285712	15.760381114285714	16.174285504761905	15.774285904761905	0.0	0.0
26787600.0	3.673076923076923	17.110550445054944	15.521319642857144	15.952638208791209	15.581758406593407	0.0	0.0
26789400.0	2.7535714285714286	16.898368020408164	15.271225489795919	15.7500005	15.350868149234696	0.0	0.0
26791200.0	2.5115384615384615	16.695166054945055	15.057363214285715	15.556593945054946	15.155659350274725	0.0	0.0
26793000.0	2.073529411764706	16.49882444117647	14.848823911764706	15.338970698529412	14.987731092436976	0.0	0.0
26794800.0	1.7227272727272727	16.3236375	14.672272795454546	15.154319147727273	14.838182363636365	0.0	0.0
26796600.0	1.2761904761904763	16.170953325396827	14.508572285714285	15.005715232142858	14.682143535714287	0.0	0.0
26798400.0	2.795555555555556	16.027874291534392	14.381762454761907	14.954476711904762	14.55771472857143	0.0	0.0
26800200.0	2.191666666666667	15.915510714285714	14.402041209183674	14.86020443367347	14.578878540816328	0.0	0.0
26802000.0	1.1601190476190477	15.839388433673468	14.26375075	14.651429535714286	14.4787504375	0.0	0.0
26803800.0	0.9433333333333334	15.730205553846154	14.151166966666667	14.495704666666667	14.376500291666668	0.0	0.0
26805600.0	0.707258064516129	15.655385086848636	14.042811587557603	14.390143645161292	14.288065080645161	0.0	0.0
26807400.0	0.5147058823529411	16.228236029411764	14.019580075630254	14.383823977941177	14.396471000000002	0.0	0.0
26809200.0	2.43	21.900573042857143	19.04000106666667	20.339572329761907	18.159667275	1320.0	440.0
26811000.0	3.090769230769231	23.902858542857143	21.61190636666667	22.984762857142858	19.077667258333335	1800.0	600.0
26812800.0	3.4952662721893493	22.68373705494506	22.117802711538463	21.575385813186813	19.321540692307693	1800.0	600.0
26814600.0	6.123076923076923	24.13923153846154	22.30946624832776	23.12923226923077	19.473846961538463	1800.0	600.0
26816400.0	5.613793103448276	24.65560500862069	22.511706927473764	23.521725465517243	19.724568991379314	1800.0	600.0
26818200.0	6.421875	25.252969578125	21.742814640625	24.28937715625	20.142812859375002	1800.0	600.0
26820000.0	11.953571428571427	25.436634346938778	21.751607276785712	24.678573500000002	20.75997603571429	1800.0	600.0
26821800.0	13.511764705882353	25.32865592016807	21.975295470588236	24.55000123529412	21.46664034705882	1800.0	600.0
26823600.0	10.434615384615386	26.24615526923077	22.227363846153846	25.47307830769231	22.014616864835165	1800.0	600.0
26825400.0	10.391176470588235	28.088236411764708	22.44110308496732	27.206031036764706	22.717059079831934	1800.0	600.0
26827200.0	10.560714285714285	28.891965839285717	22.629485109126986	27.380984370535714	23.208692005952383	1800.0	600.0
26829000.0	10.945833333333333	29.96889061111111	22.93388926851852	19.899723638888887	23.64009441435185	1800.0	600.0
26830800.0	12.882291666666667	29.999793291666666	23.000418065972223	16.105	23.72625128125	1800.0	600.0
26832600.0	13.434558823529413	29.508677294117646	23.135217828560375	15.992980274936064	23.673335215686276	1800.0	600.0
26834400.0	12.032	28.275430022857144	23.127853191578946	16.152865702134388	23.542757555555557	1800.0	600.0
26836200.0	11.346666666666668	27.932436513756617	22.99259340740741	16.154849484848487	23.281938724501423	1800.0	600.0
26838000.0	12.154545454545456	28.115344664742665	22.949428208754213	16.430000590909092	23.01326161849262	1800.0	600.0
26839800.0	11.653125	28.44321562202381	22.75604292708333	18.726875281250003	22.729124558712122	1800.0	600.0
26841600.0	10.802777777777777	27.217064482804236	22.516693354497356	22.705556222222224	22.557693271885523	1800.0	600.0
26843400.0	8.776875	27.36518025892857	22.269921095063026	26.438637497159093	22.42356191856061	1800.0	600.0
26845200.0	8.288548387096775	26.558065532258066	22.175616911764706	25.849414195014663	22.30182118181818	1800.0	600.0
26847000.0	7.505756578947368	23.39186484068279	21.887226775248934	22.872257029323308	21.969460317293237	1800.0	600.0
26848800.0	8.322223837209302	23.193364035512257	21.77414637450241	22.497143202159467	21.748006971428573	1800.0	600.0
26850600.0	8.604071428571428	17.941200515	21.232150854761905	17.5720004375	21.206800410000003	1800.0	600.0
26852400.0	7.586974789915966	19.7480006	19.458973000933707	15.877648000000002	20.814511784313726	1800.0	0.0
26854200.0	7.689722222222223	21.373474618421053	20.00577856666667	15.445000565	20.555974564102563	1800.0	0.0
26856000.0	8.128730158730159	21.3640166037594	19.91523902063492	15.825428934285716	19.62582448241758	411.42857142857144	0.0
26857800.0	8.625675675675675	20.72434417929293	18.732083715277778	17.803778744444443	17.960833645833336	0.0	0.0
26859600.0	8.672972972972971	20.202459780748665	18.043089095588236	18.303353829411762	17.53382405147059	0.0	0.0
26861400.0	8.797766516516516	19.751161810606064	17.69272709090909	18.36946780769231	17.381482555555557	0.0	0.0
26863200.0	8.057638888888889	19.39717255050505	17.491717057239057	18.301368933048437	17.313704648148146	0.0	0.0
26865000.0	7.631578947368421	19.015735058171746	17.29766976942356	18.087368877192983	17.21719396491228	0.0	0.0
26866800.0	8.234615384615385	19.152894960526318	17.312137539879476	17.995001375	17.230001	0.0	0.0
26868600.0	9.45	19.41394885526316	17.40225806451613	18.012779597222224	17.251333622222223	0.0	0.0
26870400.0	10.979166666666666	19.39184373245614	17.40684023573201	17.975278847222224	17.206833938888888	0.0	0.0
26872200.0	12.317857142857141	19.55214345	17.406010600636204	18.040142503571428	17.1799995	0.0	0.0
26874000.0	11.36111111111111	19.556667233333332	17.544385669590643	18.078777617592593	17.320001	0.0	0.0
26875800.0	11.346250000000001	19.2050006	17.558074555555557	17.938898994685992	17.297333766666664	0.0	0.0
26877600.0	11.24375	19.12100046666667	17.700593644444442	17.895653391304343	17.424286314285716	0.0	0.0
26879400.0	11.066964285714285	18.978662165178573	17.6747509125	17.846828940217385	17.342232720982143	0.0	0.0
26881200.0	11.160714285714285	18.85761873809524	17.468667158333336	17.75723267857143	17.184643598214283	0.0	0.0
26883000.0	11.271666666666667	18.774666133333334	17.43352518095238	17.68104949047619	17.142953071428572	0.0	0.0
26884800.0	11.510416666666666	18.92160325320513	17.39726298214286	17.66055656944444	17.078057555555553	0.0	0.0
26886600.0	10.605882352941176	18.9754874425905	17.382765067647057	17.65960800980392	17.133726343137255	0.0	0.0
26888400.0	10.597826086956522	19.135544388586958	17.47343535869565	17.766957130434783	17.18550731884058	0.0	0.0
26890200.0	10.141458333333333	18.73598272767857	17.430666433333332	17.587946066964285	17.14083397916667	0.0	0.0
26892000.0	10.042222222222222	18.631633183673472	17.46944503174603	17.52204180612245	17.166191595238097	0.0	0.0
26893800.0	10.070833333333333	19.223077576923078	17.668847538461538	17.896154499999998	17.37846248461538	0.0	0.0
26895600.0	10.034953703703703	23.28277936111111	19.943334222222223	23.356112305555556	19.325715622222223	1200.0	333.3333333333333
26897400.0	10.065441176470587	25.64625134375	21.367720610294118	24.961875093750002	20.42232178125	1800.0	600.0
26899200.0	9.611764705882353	24.417692846153848	21.258190095022623	23.846924	20.6015382967033	1800.0	600.0
26901000.0	10.071875	25.79437709375	21.311350425986845	25.1531255625	20.90249944642857	1800.0	600.0
26902800.0	10.893749999999999	26.466250562500004	21.441184924342107	25.860001999999998	21.098749770833333	1800.0	600.0
26904600.0	11.205882352941176	27.23578524754902	21.5640016	26.48823623529412	21.26470694117647	1800.0	600.0
26906400.0	10.951449275362318	27.20991155887681	21.723132426086956	26.34869634782609	21.454784086956522	1800.0	600.0
26908200.0	10.329166666666666	26.81023490234375	21.96820431640625	25.822626456250003	21.57000015625	1800.0	600.0
26910000.0	9.850000000000001	26.770607674242424	22.01767215625	25.746728236363637	21.659849787878787	1800.0	600.0
26911800.0	9.726136363636362	26.68388976388889	21.977413252192985	25.67583375	21.701113430555555	1800.0	600.0
26913600.0	9.79979797979798	26.828572785714286	21.908949026315792	25.83016008730159	21.665636281746032	1800.0	600.0
26915400.0	10.00235294117647	27.037984726890755	21.920784843137255	26.01551968207283	21.63128905462185	1800.0	600.0
26917200.0	9.903703703703703	27.0567438219697	21.942222222222224	26.11777977777778	21.663890416666664	1800.0	600.0
26919000.0	9.800347222222223	27.028638079545455	21.98587568125	26.059065306249998	21.79887671875	1800.0	600.0
26920800.0	9.59047619047619	26.99586696536797	22.120572039285715	25.996251967857145	21.87135932142857	1800.0	600.0
26922600.0	9.134444444444446	26.682445055555558	22.351049276190476	25.714001533333334	21.960909863636363	1800.0	600.0
26924400.0	7.9975	27.425002175000003	22.457715442857143	26.387500900000003	22.033819227272726	1800.0	600.0
26926200.0	7.837946428571429	28.180626687500002	22.604821830357142	27.156668416666665	22.12500035416667	1800.0	600.0
26928000.0	7.7181872749099645	28.405103081632657	22.632755428571432	27.322383238095238	22.207243977011494	1800.0	600.0
26929800.0	7.566955017301037	28.32403475630252	22.63010604201681	27.205148470588234	22.19793348275862	1800.0	600.0
26931600.0	7.002083333333334	25.190001	22.38187554166667	24.186876583333333	22.11448445402299	1800.0	600.0
26933400.0	6.6484375	22.70562640625	21.8502519875	22.10250159375	21.76920507102273	1800.0	600.0
26935200.0	7.385000000000001	22.715001400000002	21.637424206666665	22.136667499999998	21.555757545454544	1800.0	600.0
26937000.0	7.744646464646465	17.600000933333334	21.184162715151515	17.3000012	21.023238561904762	1800.0	600.0
26938800.0	7.654545454545454	18.75428623809524	19.807663322510823	15.865873277777776	20.716736051020412	1800.0	85.71428571428571
26940600.0	7.4064616755793224	21.357647500000002	20.04044167647059	15.522745098039215	20.42353001764706	1800.0	0.0
26942400.0	6.633928571428571	21.395001464285716	19.873036535714284	16.50500032142857	19.01285737142857	128.57142857142858	0.0
26944200.0	6.676923076923077	21.084707	19.10840984602076	18.094959352941174	17.849730499999996	0.0	0.0
26946000.0	7.549157509157508	20.754762952380954	18.675168230092037	18.468845	17.658792928571426	0.0	0.0
26947800.0	7.725909090909091	20.27875046875	18.35062570089286	18.444375718750003	17.556500425	0.0	0.0
26949600.0	7.7727272727272725	19.938461358974358	18.01553189010989	18.302502182692308	17.490719182051283	0.0	0.0
26951400.0	7.65	19.61411831372549	17.826628841176472	18.078689711434578	17.4134799497549	0.0	0.0
26953200.0	7.6254098360655735	19.34288888888889	17.68520141	17.844898765306123	17.345957166053918	0.0	0.0
26955000.0	7.659836065573771	19.18422222222222	17.567601829999997	17.65632605102041	17.2850005	0.0	0.0
26956800.0	7.6795081967213115	19.05522311111111	17.507765290454547	17.55724548270975	17.24629028104575	0.0	0.0
26958600.0	7.710632451564829	18.899376333333333	17.44522762215909	17.45729226041667	17.189584083333333	0.0	0.0
26960400.0	7.793041958041958	18.825518879310344	17.45197368421053	17.3972376	17.169546931818182	0.0	0.0
26962200.0	7.917307692307692	18.79397786091954	17.447368421052634	17.35057275	17.17060759090909	0.0	0.0
26964000.0	7.876555299539171	18.732857214285712	17.44625	17.294286375000002	17.169678661290323	0.0	0.0
26965800.0	7.483870967741936	18.733782386554623	17.47191223529412	17.295240398395723	17.18967916129032	0.0	0.0
26967600.0	7.51158357771261	18.745975448051947	17.530002	17.374627338842974	17.207273090909087	0.0	0.0
26969400.0	7.93235294117647	18.746451440227705	17.5600005	17.285441522058825	17.200000499999998	0.0	0.0
26971200.0	7.588461538461539	18.721168250620345	17.59640982051282	17.29385545935315	17.240768749999997	0.0	0.0
26973000.0	7.818831168831169	18.808096452380955	17.71479120833333	17.34659244155844	17.27285710714286	0.0	0.0
26974800.0	8.232444341372913	18.78179517948718	17.729121992346936	17.33091986734694	17.326251312500002	0.0	0.0
26976600.0	8.224107142857143	18.82221348791209	17.77714471428571	17.311786714285716	17.322918062499998	0.0	0.0
26978400.0	8.269642857142857	18.749142314285717	17.690002	17.47030368939394	17.269696969696973	0.0	0.0
26980200.0	8.290056022408963	20.61035425294118	18.29352978235294	23.275221386029415	19.47999961764706	1588.235294117647	0.0
26982000.0	8.352380952380953	22.65017544347826	20.061304921739133	24.117446595108696	20.022610065217393	1800.0	547.8260869565217
26983800.0	8.315097402597402	25.372885730769234	21.291989079545456	24.607001875	20.335058553977273	1800.0	600.0
26985600.0	7.958766233766234	25.774561164835166	21.30027910296846	24.737716250000002	20.543304127087197	1800.0	600.0
26987400.0	8.125191570881226	25.780429004273504	21.39083221893815	24.94935005172414	20.856979474822115	1800.0	600.0
26989200.0	8.267839756592293	25.913893394796382	21.43939165720081	25.150935119675456	21.03639150912779	1800.0	600.0
26991000.0	8.4525	26.483296142045457	21.61562653125	25.50312646875	21.18062603125	1800.0	600.0
26992800.0	9.075000000000001	26.63578639669422	21.73181834090909	25.627728545454545	21.300909545454548	1800.0	600.0
26994600.0	9.57	26.816668833333335	21.828001333333336	25.856668666666668	21.43200086666667	1800.0	600.0
26996400.0	9.3421875	26.115347899305558	21.902813359375003	25.248751375	21.511407820312503	1800.0	600.0
26998200.0	9.498529411764705	25.900704899918303	21.84191325	25.015148661764705	21.494559845588235	1800.0	600.0
27000000.0	10.553571428571429	26.057322950892857	21.771750133333335	25.120894196428573	21.48849304761905	1800.0	600.0
27001800.0	11.018465909090908	27.018647427083334	21.83185535729167	26.095521085937502	21.57710040104167	1800.0	600.0
27003600.0	10.816938920454547	27.422239739583336	21.928699044270836	26.45161556640625	21.685235716145833	1800.0	600.0
27005400.0	10.638281249999999	27.752224527777777	22.167293708333332	26.79819565625	21.98079318541667	1800.0	600.0
27007200.0	10.476785714285715	27.793890611111113	22.276667583333335	26.802779500000003	22.062666966666665	1800.0	600.0
27009000.0	10.354741379310346	28.197318961904763	22.362557816666666	27.185684041269845	22.157112238888892	1800.0	600.0
27010800.0	10.483938294010889	28.390014921553888	22.443001139473687	27.38298228162072	22.25636922894737	1800.0	600.0
27012600.0	10.405882352941177	28.5327778627451	22.503637729946522	27.48932795136486	22.32428731512605	1800.0	600.0
27014400.0	10.2925	28.540864933333335	22.485909954545455	27.516296210784315	22.39935923214286	1800.0	600.0
27016200.0	9.991176470588234	28.029020960784315	22.3522158183391	26.99776738627451	22.409375	1800.0	600.0
27018000.0	9.671999999999999	24.908572604761904	22.158825705882354	23.988630163809525	22.319375	1800.0	600.0
27019800.0	9.30875	22.72035774603175	21.828132106060607	22.00797738293651	22.038940734848484	1800.0	600.0
27021600.0	9.053879310344827	21.730518500000002	21.642194761755487	21.028794181034485	21.834107285266462	1800.0	600.0
27023400.0	8.777906976744186	17.99458372222222	21.14055775	17.57541765972222	21.370741555555554	1800.0	600.0
27025200.0	8.73953488372093	19.842500533333336	19.812667633333334	16.88016690833333	21.071778000000002	1800.0	40.0
27027000.0	8.508508891928864	21.545883500000002	20.40428668487395	16.614706411764708	20.849411811764707	1800.0	0.0
27028800.0	7.374	21.5986672	20.14714395714286	17.620000766666667	19.16600054666667	120.0	0.0
27030600.0	7.063888888888889	21.255556055555555	19.216666833333335	18.791826789682542	17.95694484027778	0.0	0.0
27032400.0	6.816071428571428	20.842245760204083	18.599490719387756	18.869183724489798	17.613631382440477	0.0	0.0
27034200.0	6.563157894736842	20.267218142857143	18.06391115037594	18.5275942518797	17.342105614035088	0.0	0.0
27036000.0	7.190885416666667	19.840000333333332	17.735001749999995	18.130477309523812	17.16527904166667	0.0	0.0
27037800.0	7.1812499999999995	19.501176823529413	17.52529438235294	17.809333403743313	17.05676549264706	0.0	0.0
27039600.0	7.141406249999999	19.185350023255815	17.431164197674416	17.48977472727272	17.0025010625	0.0	0.0
27041400.0	7.110156249999999	19.008604906976746	17.375350709302325	17.262501999999998	16.969166895833336	0.0	0.0
27043200.0	6.9632812500000005	18.883043480620156	17.285698835271315	17.13409184659091	16.897917718749998	0.0	0.0
27045000.0	6.596938775510204	18.699286642857146	17.105714892857144	16.961201774350652	16.72071575	0.0	0.0
27046800.0	6.121957671957672	18.58148114814815	17.060001	16.87360907070707	16.6800015	0.0	0.0
27048600.0	6.457692307692308	18.507693615384618	17.111346173076925	16.788777346153847	16.732637450549444	0.0	0.0
27050400.0	7.243406593406594	18.468599869747898	17.18824046683673	16.783833525000002	16.792041448979592	0.0	0.0
27052200.0	7.361129895745281	18.46313741176471	17.26478018956044	16.78833375	16.834257398101897	0.0	0.0
27054000.0	7.441666666666666	18.47196138235294	17.3423451640625	16.796084121875	16.866933630681817	0.0	0.0
27055800.0	7.512637362637363	18.48748779213801	17.371636600961537	16.816026673076923	16.9099995	0.0	0.0
27057600.0	7.6255319148936165	18.518208236413045	17.40994589945652	16.83376977173913	16.9392	0.0	0.0
27059400.0	7.664893617021277	18.54789555263158	17.510825516483518	16.863573428571424	16.981315142857145	0.0	0.0
27061200.0	7.694799054373522	18.565788605263158	17.551538730769227	16.884941672619046	17.013811214285713	0.0	0.0
27063000.0	7.811904761904763	18.594999569444443	17.523055406403937	17.240861861781074	16.998164387755104	0.0	0.0
27064800.0	7.618333333333334	19.42499954166667	17.469575415900387	19.50590809090909	16.958857614285716	0.0	0.0
27066600.0	7.7057142857142855	20.723809972222224	18.11428680952381	22.91100118831169	19.104521472959185	1414.2857142857142	428.57142857142856
27068400.0	7.841481481481481	22.68654463580247	19.988889342592593	24.345272444444443	20.02956333941799	1800.0	600.0
27070200.0	8.316666666666666	25.62933469333333	21.136446083333336	24.7246683	20.360572228571428	1800.0	600.0
27072000.0	8.78076923076923	26.077693469230773	21.359488134615386	25.14230957692308	20.561869565934067	1800.0	600.0
27073800.0	9.18888888888889	25.522352820512822	21.46700020277778	24.651957916666667	20.774880149758456	1800.0	600.0
27075600.0	9.413793103448276	25.46332077889352	21.49220774482759	24.60154448275862	20.896626941529235	1800.0	600.0
27077400.0	10.05	26.152858396825398	21.570001	25.29333441111111	21.063518972222223	1800.0	600.0
27079200.0	12.646666666666667	27.38000166666667	21.863333333333337	26.638001406666667	21.473588933333335	1800.0	600.0
27081000.0	14.43125	28.81000165	22.27875096875	27.8826569140625	22.099804825	1800.0	600.0
27082800.0	14.3375	29.433001423333334	22.475335033333334	28.51012128690476	22.304067428333333	1800.0	600.0
27084600.0	14.397083333333333	29.664291245370368	22.56388972222222	28.774207420634923	22.395157005401234	1800.0	600.0
27086400.0	14.414666666666667	29.850927044444447	22.590001500000003	29.01066851666667	22.532409092592594	1800.0	600.0
27088200.0	15.702941176470588	31.38000223529412	22.771765000000002	29.487060352941178	23.230588529411765	1800.0	600.0
27090000.0	15.539285714285715	32.044287142857144	23.059286142857143	24.370001964285713	23.566428857142856	1800.0	600.0
27091800.0	15.096153846153847	30.64923253846154	23.178463384615384	19.18461676923077	23.356924384615386	1800.0	600.0
27093600.0	15.211538461538462	28.933847564102564	23.115274890109895	19.172307551282053	22.89340662637363	1800.0	600.0
27095400.0	15.106140350877192	27.493268011481483	23.149391463809522	22.372223301851854	22.727390284992783	1800.0	600.0
27097200.0	14.978947368421053	26.803146360689656	23.09939312344828	24.349311668965516	22.738532128526646	1800.0	600.0
27099000.0	14.763636363636364	26.44934246703297	23.003078000000002	27.966925217948717	22.78032177777778	1800.0	600.0
27100800.0	14.66151515151515	26.581907095238094	22.908	29.164000701587305	22.91045641164021	1800.0	600.0
27102600.0	14.208333333333334	28.210001433333332	22.706268333333337	29.078001542857145	22.99047719047619	1800.0	600.0
27104400.0	13.113461538461538	27.98615484615385	22.67507853846154	27.11846284615385	22.955934469780225	1800.0	600.0
27106200.0	13.13952380952381	25.090001400000002	22.483601826666668	24.4400003	22.62544107473118	1800.0	600.0
27108000.0	13.148935786435787	24.565001819444447	22.326001475	24.217500541666666	22.38120740636201	1800.0	600.0
27109800.0	13.149999999999999	20.993847230769234	22.00077165384615	20.668461653846155	21.93226704273504	1800.0	600.0
27111600.0	13.144784688995214	21.330742162962963	21.368889044444447	19.446285876190476	21.6659275	1800.0	40.0
27113400.0	13.423684210526316	22.255943340702945	21.7004766207483	19.252790965986396	21.480171506235827	1800.0	0.0
27115200.0	13.576315789473684	22.443902983516484	21.441923510989014	19.55435994871795	20.581484027472527	138.46153846153845	0.0
27117000.0	13.06857142857143	22.391191184523812	20.881430541666667	20.43194130102041	19.959644589285716	0.0	0.0
27118800.0	13.290172413793103	22.19770245402299	20.550691876436783	20.67469820525452	19.754310612068966	0.0	0.0
27120600.0	13.644967532467533	21.95988136309524	20.224644154761904	20.664559192176874	19.616429250000003	0.0	0.0
27122400.0	13.365746753246754	21.71088486394558	20.00785855952381	20.555205331632656	19.53199162755102	0.0	0.0
27124200.0	13.526587301587302	21.587969455639097	19.946370577777778	20.38864792929293	19.480678798006647	0.0	0.0
27126000.0	13.515734989648031	21.447368368421053	19.8647914057971	20.20606221212121	19.393024255813955	0.0	0.0
27127800.0	12.961904761904762	21.340527026315794	19.7619075	20.056667833333332	19.32558239534884	0.0	0.0
27129600.0	12.716071428571427	21.185176842105264	19.707621410714285	19.923409265151516	19.306933021466907	0.0	0.0
27131400.0	12.966666666666667	21.155202579999997	19.68809723809524	19.7740006	19.306185395384617	0.0	0.0
27133200.0	13.149999999999999	21.1301679	19.689168666666667	19.720002333333333	19.271857364285715	0.0	0.0
27135000.0	13.24313725490196	21.14941411764706	19.693531617647057	19.67588388235294	19.27122010609244	0.0	0.0
27136800.0	13.062916666666666	21.4220009	19.628333750000003	19.723333583333336	19.176835095833333	0.0	0.0
27138600.0	13.10171875	21.25421953125	19.673976021634616	19.6665237099359	19.177661104166667	0.0	0.0
27140400.0	13.324602272727274	21.29024550649351	19.73115480769231	19.629615865384615	19.225319155844154	0.0	0.0
27142200.0	13.471974206349206	21.253369329081636	19.78697867032967	19.628626804945053	19.27693900510204	0.0	0.0
27144000.0	13.370740740740741	21.242444794444445	19.821715142857144	19.599999500000003	19.310001	0.0	0.0
27145800.0	13.450000000000001	21.271952788095238	19.887448400510205	19.620000107142857	19.337858821428572	0.0	0.0
27147600.0	13.58011583011583	21.509001914285715	19.924999625	19.675947743243245	19.342859035714287	0.0	0.0
27149400.0	13.547297297297296	21.484167375000002	19.927500000000002	19.66783922972973	19.32445774456522	0.0	0.0
27151200.0	13.507063882063884	21.338096214285713	19.93357142857143	19.655097565637067	19.33347993478261	0.0	0.0
27153000.0	13.470454545454546	21.198300565359478	19.906471529411768	19.616706063529413	19.33058976470588	0.0	0.0
27154800.0	13.427840909090909	21.3525560627487	19.923106219696972	19.669577240000002	19.310986083333333	0.0	0.0
27156600.0	13.587083333333334	21.494874273593076	19.868279761111115	19.684309707692307	19.231834083333336	0.0	0.0
27158400.0	13.966666666666667	21.43742999761905	19.86422312222222	19.66591582564103	19.2499995	0.0	0.0
27160200.0	14.511764705882353	21.405616017379682	19.8443148627451	19.67127605147059	19.250587764705884	0.0	0.0
27162000.0	14.471875	21.36674313257576	19.799635903645836	19.6728921328125	19.235626250000003	0.0	0.0
27163800.0	14.653125	21.30458548958333	19.89024670200893	19.652422859375	19.332501468750003	0.0	0.0
27165600.0	15.114285714285714	21.536667261904764	19.90204186734694	19.72847772282609	19.29244957142857	0.0	0.0
27167400.0	15.172222222222224	21.528960186921296	19.87096784299517	19.76850967912138	19.313796768115946	0.0	0.0
27169200.0	15.718958333333335	21.485070571180554	19.81942142753623	19.790938046875002	19.2872469057971	0.0	0.0
27171000.0	15.723958333333334	21.606534351851852	19.853518898148153	19.83629763888889	19.342592592592595	0.0	0.0
27172800.0	15.278125	21.604318875	19.924386763480392	19.8972925625	19.408334020833337	0.0	0.0
27174600.0	15.45	21.66332450895141	19.968381074567475	19.939001973529415	19.40506041176471	0.0	0.0
27176400.0	15.482785299806578	21.704755401017575	19.97598266094225	19.908112904711246	19.373551896656533	0.0	0.0
27178200.0	15.631419028999675	21.765386863636365	20.07593779920635	20.00154121825397	19.50784085873016	0.0	0.0
27180000.0	15.371447253705318	21.74413630958231	20.1409734972973	20.037755246246245	19.590161956756756	0.0	0.0
27181800.0	15.461111111111112	21.66611238888889	20.127500604166666	19.970813820624546	19.557500958333335	0.0	0.0
27183600.0	15.217857142857143	21.666052071428574	20.130357901785715	20.013677954831934	19.61035694642857	0.0	0.0
27185400.0	14.745874822190611	21.66249423139746	20.148536008534855	20.014820092105264	19.590412277382644	0.0	0.0
27187200.0	14.839950859950859	21.737600431706227	20.156541613267816	20.012429393939392	19.562188613022112	0.0	0.0
27189000.0	14.770000000000001	21.75745499823633	20.193049906349206	20.043520527777776	19.56259289814815	0.0	0.0
27190800.0	14.259375	21.70215108234127	20.166628712301588	20.06847321527778	19.539584895833336	0.0	0.0
27192600.0	13.553888888888888	21.606033448412703	20.074877679012346	19.952839567901236	19.448333833333336	0.0	0.0
27194400.0	13.94953125	21.71984425	20.0716686875	19.955416708333335	19.413409977272728	0.0	0.0
27196200.0	14.093627819548873	21.75730367763158	20.08926394680249	20.046718089134128	19.389966165148945	0.0	0.0
27198000.0	14.217802197802198	21.737813343750002	20.10668297890819	20.07433603349876	19.395286313482217	0.0	0.0
27199800.0	13.810978835978837	21.693282984375003	20.116667166666666	20.048889444444445	19.343890805555557	0.0	0.0
27201600.0	13.521666666666667	21.647144035714287	20.01479303125	19.968542114583336	19.31104272916667	0.0	0.0
27203400.0	13.213954545454547	21.672287521428572	20.005031681818185	19.92948481969697	19.28557608030303	0.0	0.0
27205200.0	12.307913961038961	21.5725023125	19.926420178977274	19.870854204545456	19.229489732954544	0.0	0.0
27207000.0	12.25	21.420594003289477	19.836030181020732	19.78809775708502	19.211417044407895	0.0	0.0
27208800.0	12.80852534562212	21.53254257862903	19.801466824535677	19.763748584367246	19.207522537298388	0.0	0.0
27210600.0	13.446180555555555	21.493958694444444	19.88455615	19.774166736111113	19.227778736111112	0.0	0.0
27212400.0	13.315624999999999	21.485626	19.88680098	19.751499575	19.223000275	0.0	0.0
27214200.0	13.203125	21.493126	19.89160026	19.745499275	19.211001175000003	0.0	0.0
27216000.0	13.241477272727273	21.506933181818184	19.896284746013986	19.733000468181817	19.206002231818182	0.0	0.0
27217800.0	13.450000000000001	21.39225926061776	19.868552060096157	19.705170388655464	19.197413120535714	0.0	0.0
27219600.0	13.346911196911197	21.432079272044245	19.824407898407337	19.708125944532767	19.17275297991742	0.0	0.0
27221400.0	13.218877551020409	21.370246220408166	19.753675933673467	19.69978943650794	19.12929733560091	0.0	0.0
27223200.0	13.125	21.37383722346939	19.783126011278195	19.665715535714288	19.145545037414966	0.0	0.0
27225000.0	13.228021978021978	21.35543049739734	19.803059212706327	19.649231846153846	19.135898102564106	0.0	0.0
27226800.0	13.343915343915343	21.370137855750485	19.84681103703704	19.694074351851853	19.19603402380952	0.0	0.0
27228600.0	13.3375	21.459314272865853	19.859678113360324	19.69937725	19.17594172133459	0.0	0.0
27230400.0	13.442499999999999	21.41902386585366	19.864054631578945	19.669074026209678	19.152303845394737	0.0	0.0
27232200.0	13.373529411764705	21.42803869607843	19.8200015	19.676775612903228	19.114737	0.0	0.0
27234000.0	12.664285714285715	21.45523847619048	19.83357228571429	19.707282716589866	19.10067642857143	0.0	0.0
27235800.0	13.163888888888888	21.483542392361112	19.911666694444445	19.74166783333333	19.147408092592592	0.0	0.0
27237600.0	13.119135802469135	21.44726859027778	19.86826410826211	19.7200005	19.115802530864197	0.0	0.0
27239400.0	13.433333333333334	21.441149120689655	19.86415584615385	19.691072325396828	19.11227253409091	0.0	0.0
27241200.0	13.481013257575757	21.46529130711207	19.871848153846155	19.725157616071428	19.093988831270295	0.0	0.0
27243000.0	13.786931818181818	21.379063000000002	19.875194307692308	19.67107291964286	19.150715267857144	0.0	0.0
27244800.0	13.29	21.410501625000002	19.894002	19.741904380952384	19.146858142857145	0.0	0.0
27246600.0	12.831578947368422	21.486822362534628	19.978421815789478	19.872842442105263	19.14774528195489	0.0	0.0
27248400.0	12.734545454545454	21.48784950640114	19.95579161003861	19.835028232432435	19.121853328185328	0.0	0.0
27250200.0	12.784545454545455	21.493296454545455	19.918588665784835	19.788518962962964	19.069028998236334	0.0	0.0
27252000.0	13.366666666666667	21.46654621010101	19.88629735185185	19.769111111111112	19.071480814814816	0.0	0.0
27253800.0	13.553529411764705	21.444598996434937	19.85215739215686	19.795723	19.023335098039215	0.0	0.0
27255600.0	13.5525	21.476364045454545	19.92375071875	20.106592261363637	19.07062503125	0.0	0.0
27257400.0	13.627450980392156	21.49464140522876	19.986667833333335	20.01781488472965	19.0999995	0.0	0.0
27259200.0	14.036979166666667	21.484923818287037	20.007085010416667	20.055609422743053	19.13571467857143	0.0	0.0
27261000.0	14.458823529411765	21.47530940740741	20.080882036764706	20.18323712254902	19.171598046218488	0.0	0.0
27262800.0	14.528174603174604	21.471482055555555	20.125357455357143	20.118254718253972	19.244285642857143	0.0	0.0
27264600.0	14.457777777777778	21.467654703703705	20.11614397385621	20.076955131535946	19.264285714285716	0.0	0.0
27266400.0	14.59495238095238	21.460910972113293	20.13044512698413	20.113894625	19.279061381632655	0.0	0.0
27268200.0	14.935294117647059	21.451764705882354	20.149200820000004	20.091617466911764	19.287335911764707	0.0	0.0
27270000.0	14.81969696969697	21.437654176827095	20.11920032	20.169166895833335	19.304100424242428	0.0	0.0
27271800.0	14.6	21.40959948	20.142667498039216	20.18951927807487	19.325099470588235	0.0	0.0
27273600.0	14.334666666666667	21.39902509247059	20.187568200261435	20.246547018181822	19.337057	0.0	0.0
27275400.0	14.454444444444444	21.393970492647057	20.207512190522877	20.167779083333336	19.36130755	0.0	0.0
27277200.0	14.611842105263158	21.38573643382353	20.148317410526317	20.052369342105266	19.304579989473684	0.0	0.0
27279000.0	14.735294117647058	21.36117823529412	20.0171224504644	19.928147851851854	19.21627644117647	0.0	0.0
27280800.0	14.520588235294117	21.32117773529412	19.950526578947372	19.894204442265796	19.184903852941176	0.0	0.0
27282600.0	14.338333333333335	21.26812495486111	19.802013819444443	19.810001	19.078598222222226	0.0	0.0
27284400.0	14.373928571428573	21.20812559375	19.728126375	19.7599995	19.0434785	0.0	0.0
27286200.0	14.299812312312314	21.13888975	19.64444538888889	19.71722377777778	19.0131415625	0.0	0.0
27288000.0	14.218657367044463	21.001474389400922	19.464516451612905	19.614792974654378	18.850969108870967	0.0	0.0
27289800.0	13.935624999999998	20.657048688095237	18.8940999	19.374573314285715	18.369600900000002	0.0	0.0
27291600.0	13.637500000000001	20.3731383627451	18.56347725490196	19.149413000000003	18.128705588235295	0.0	0.0
27293400.0	13.246969696969696	20.174445583333334	18.35549549537037	18.982222833333335	17.98355597777778	0.0	0.0
27295200.0	13.068587662337663	20.040895035714286	18.289931234375	18.849823294642857	17.96919486180556	0.0	0.0
27297000.0	12.921449456975772	19.95142869047619	18.422285314814815	18.78904796031746	18.100864353395064	0.0	0.0
27298800.0	12.757894736842104	19.850321935483873	18.373333444444444	18.717419709677422	18.051111666666667	0.0	0.0
27300600.0	12.651315789473685	19.78935462903226	18.283332694444447	18.665162080645164	17.97611129166667	0.0	0.0
